 |-------------------------------------------------------------------|
 |-------------------------------------------------------------------|
 |                               Расчёт                              |
 |  НАГРУЗКИ	    NQ	     NDma      NDmin      NDG         NQG    |
 |-------------------------------------------------------------------|
 |  Верхний пояс   	                                             |
 |-------------------------------------------------------------------|
 |    1            0.00       0.00       0        0.00        0.00   |
 |    2           -4.20    -107.84       0       -0.81      -19.36   |
 |    3           -4.20    -107.84       0       -0.81      -19.36   |
 |    4           -8.18    -207.09       0       -1.58      -37.17   |
 |    5           -8.18    -207.09       0       -1.58      -37.17   |
 |    6          -10.17    -251.69       0       -1.97      -45.18   |
 |    7          -10.17    -251.69       0       -1.97      -45.18   |
 |-------------------------------------------------------------------|
 |  Нижний пояс   	                                             |
 |-------------------------------------------------------------------|
 |    1            2.53      65.30       0        0.28        6.77   |
 |    2            6.44     164.30       0        1.25       29.49   |
 |    3            9.42     236.22       0        1.82       42.40   |
 |    4           10.42     253.50       0        2.02       45.50   |
 |-------------------------------------------------------------------|
 |  Раскосы        	                                             |
 |-------------------------------------------------------------------|
 |    1           -3.32     -85.74      0.00     -0.51      -12.21   |
 |    2            2.70      76.29      0.00      0.70       16.11   |
 |    3           -3.26     -96.85      7.32     -0.53      -14.61   |
 |    4            2.54      86.90    -17.26      0.41       13.11   |
 |    5           -1.81     -76.95     27.21     -0.29      -11.61   |
 |    6            1.09      67.01    -37.16      0.18       10.11   |
 |    7           -0.36     -57.06     47.11     -0.06       -8.61   |
 |-------------------------------------------------------------------|
 |  Стойки         	                                             |
 |-------------------------------------------------------------------|
 |    1           -0.12     -46.80       0       -0.02       -5.60   |
 |    2           -0.53     -46.80       0       -0.07       -5.60   |
 |    3           -0.53     -46.80       0       -0.07       -5.60   |
 |-------------------------------------------------------------------|
