 |-------------------------------------------------------------------|
 |-------------------------------------------------------------------|
 |                               Расчёт                              |
 |  НАГРУЗКИ	    NQ	     NDma      NDmin      NDG         NQG    |
 |-------------------------------------------------------------------|
 |  Верхний пояс   	                                             |
 |-------------------------------------------------------------------|
 |    1            0.00       0.00       0        0.00        0.00   |
 |    2           -8.08    -269.22       0       -1.62      -47.22   |
 |    3           -8.08    -269.22       0       -1.62      -47.22   |
 |    4          -14.39    -475.46       0       -2.89      -83.39   |
 |    5          -14.39    -475.46       0       -2.89      -83.39   |
 |    6          -18.60    -607.43       0       -3.73     -106.53   |
 |    7          -18.60    -607.43       0       -3.73     -106.53   |
 |    8          -20.71    -665.12       0       -4.15     -116.65   |
 |    9          -20.71    -665.12       0       -4.15     -116.65   |
 |-------------------------------------------------------------------|
 |  Нижний пояс   	                                             |
 |-------------------------------------------------------------------|
 |    1            6.38     213.31       0        0.83       24.25   |
 |    2           11.50     381.62       0        2.31       66.93   |
 |    3           16.76     550.73       0        3.36       96.59   |
 |    4           19.92     645.56       0        4.00      113.22   |
 |    5           20.97     666.12       0        4.21      116.83   |
 |-------------------------------------------------------------------|
 |  Раскосы        	                                             |
 |-------------------------------------------------------------------|
 |    1           -6.94    -231.96      0.00     -1.17      -34.29   |
 |    2            3.66     141.59      0.00      1.21       33.41   |
 |    3           -5.76    -219.67     16.21     -0.94      -31.19   |
 |    4            4.88     204.02    -31.86      0.79       28.97   |
 |    5           -3.99    -188.37     47.51     -0.65      -26.74   |
 |    6            3.10     172.72    -63.16      0.50       24.52   |
 |    7           -2.22    -157.07     78.81     -0.36      -22.30   |
 |    8            1.33     141.42    -94.47      0.22       20.08   |
 |    9           -0.44    -125.77    110.12     -0.07      -17.86   |
 |-------------------------------------------------------------------|
 |  Стойки         	                                             |
 |-------------------------------------------------------------------|
 |    1           -0.33    -112.50       0       -0.05      -13.50   |
 |    2           -0.71    -112.50       0       -0.10      -13.50   |
 |    3           -0.71    -112.50       0       -0.10      -13.50   |
 |-------------------------------------------------------------------|
